                   Annual Climatological Summary for 2026

Name: Ranhados ( Norte )   City: Meda   State: Guarda
Elevation: 755 m  Lat: N 41° 00' 00"   Lon: W 007° 19' 48"

                  Temperature (°C), Heat Base: 18,3  Cool Base: 18,3
                          Dep.  Heat  Cool                       Max  Max  Min  Min
        Mean  Mean        From  Deg   Deg                        >=   <=   <=   <=
 YR MO  Max   Min   Mean  Norm  Days  Days  Hi  Date  Low  Date 27,0  0,0  0,0 -18,0
------------------------------------------------------------------------------------
 26  1   8,3   2,6   5,2   0,7   405     0  12,2  29  -2,3    5    0    0    6    0
 26  2  12,1   5,0   8,3   2,6   278     0  20,7  26   1,2   20    0    0    0    0
 26  3  14,9   5,0   9,8   1,2   264     0  20,5  17   1,9   29    0    0    0    0
 26  4  20,6   8,9  14,5   4,4   135    20  26,6  27   3,7   13    0    0    0    0
 26  5  22,0  10,4  15,8   1,9   131    54  32,9  29   5,6   18   11    0    0    0
 26  6  28,7  15,1  21,5   3,4    29   123  35,7  23   8,3    5   20    0    0    0
 26  7  31,7  15,8  23,3   2,5    16   172  38,0   6  12,2   31   28    0    0    0
 26  8  30,1  16,1  22,0   1,2     2    16  34,1   1  15,0    4    3    0    0    0
 26  9
 26 10
 26 11
 26 12
------------------------------------------------------------------------------------
        20,0   9,1  14,2   1,4  1260   385  38,0jul.  -2,3 jan.   62    0    6    0

                                Precipitation (mm)

              Dep.   Max        Days of Rain
              From   Obs.           >=
 YR MO Total  Norm   Day Date  0,2  2,0 20,0
---------------------------------------------
 26  1 256,7 181,1  39,4  29    23   18    4
 26  2 258,0 201,0  55,4   5    18   16    5
 26  3  37,4 -24,6  15,0   5     8    4    0
 26  4  60,8  -5,8  25,4  28     6    5    1
 26  5  67,1   8,8  18,6   8     9    7    0
 26  6  51,8  29,7  28,5  17     4    3    2
 26  7   0,0  -7,5   0,0   0     0    0    0
 26  8   0,0  -9,0   0,0   0     0    0    0
---------------------------------------------
       731,8 373,7  55,4 fev.   68   53   12

                                Wind Speed (km/h)
                          Dom
 YR MO   Avg.  Hi   Date  Dir
------------------------------
 26  1   5,2  60,0   26   WSW
 26  2   6,1  52,0    7     W
 26  3   4,7  40,0   26    NE
 26  4   4,0  46,0   21   SSE
 26  5   3,8  42,0   14   WSW
 26  6   4,4  38,0   22   WSW
 26  7   4,0  37,0   11     S
 26  8   3,6  26,0    2   WSW
 26  9
 26 10
 26 11
 26 12
------------------------------
         4,5  60,0 jan.   WSW