                   Monthly Climatological Summary for jul. 2026

Name: Ranhados ( Norte )   City: Meda   State: Guarda
Elevation: 755 m  Lat: N 41° 00' 00"   Lon: W 007° 19' 48"

                  Temperature (°C), Rain (mm), Wind Speed (km/h)

                                      Heat  Cool        Avg
    Mean                              Deg   Deg         Wind                 Dom
Day Temp  High   Time   Low    Time   Days  Days  Rain  Speed High   Time    Dir
----------------------------------------------------------------------------------
01  24,3  31,8   16:45  17,5   05:03   0,0   6,0   0,0   6,1  31,0   21:35    NE
02  23,3  31,5   15:55  14,0   05:10   0,7   5,7   0,0   9,1  35,0   13:09   ENE
03  25,6  34,2   16:10  16,2   04:59   0,1   7,5   0,0   4,5  26,0   13:49   ENE
04  27,3  35,0   15:15  19,5   05:03   0,0   9,0   0,0   4,4  18,0   00:58   ENE
05  27,9  35,8   17:16  20,4   04:43   0,0   9,6   0,0   3,7  20,0   15:57     E
06  29,1  38,0   15:45  21,2   05:47   0,0  10,8   0,0   3,6  20,0   21:09   SSW
07  26,9  35,3   15:17  18,6   05:33   0,0   8,6   0,0   3,5  20,0   12:51    SW
08  25,4  36,0   15:38  15,2   05:06   0,3   7,3   0,0   4,2  20,0   18:03   WSW
09  25,0  33,8   13:24  16,6   05:02   0,1   6,8   0,0   4,5  26,0   17:09   WSW
10  23,5  33,3   15:13  13,8   05:02   0,5   5,7   0,0   3,0  22,0   13:09   SSW
11  24,4  32,9   13:40  16,8   23:49   0,1   6,2   0,0   6,1  37,0   14:05    SE
12  19,0  24,3   17:34  15,0   05:17   0,9   1,6   0,0   3,3  28,0   10:47     S
13  19,7  27,2   14:07  13,6   04:59   1,2   2,6   0,0   2,7  28,0   13:44   SSW
14  21,0  30,7   16:02  13,0   04:58   1,1   3,8   0,0   2,9  24,0   17:41     S
15  21,4  29,5   15:02  14,4   05:04   0,7   3,8   0,0   2,7  20,0   17:26    SW
16  21,4  29,7   13:44  14,3   04:35   0,7   3,8   0,0   2,5  31,0   13:47    SW
17  20,2  27,7   14:32  13,3   05:16   1,0   3,0   0,0   3,6  18,0   13:10     W
18  22,0  30,9   15:36  14,8   05:05   0,6   4,3   0,0   3,5  20,0   13:22     S
19  22,0  29,7   16:02  14,9   04:37   0,5   4,2   0,0   2,8  22,0   13:04     S
20  21,6  29,7   15:20  15,1   05:19   0,6   4,0   0,0   2,8  18,0   18:43    SW
21  22,8  31,8   15:58  14,9   03:50   0,6   5,1   0,0   3,1  22,0   13:34     S
22  24,0  33,1   16:08  15,7   05:14   0,3   6,0   0,0   3,4  24,0   13:34   SSW
23  22,3  31,0   16:18  14,7   05:02   0,6   4,6   0,0   3,0  20,0   13:56   SSW
24  18,7  25,6   14:05  14,0   03:49   1,4   1,8   0,0   3,9  26,0   11:29    SW
25  19,4  25,9   16:17  13,7   03:55   1,3   2,3   0,0   5,9  28,0   14:49     W
26  21,6  29,5   18:20  14,0   05:15   0,8   4,1   0,0   4,0  17,0   12:58     N
27  25,3  33,4   17:38  17,8   05:43   0,0   7,0   0,0   4,3  25,6   12:08    SE
----------------------------------------------------------------------------------
    23,2  38,0     6    13,0    14    14,1 145,2   0,0   4,0  37,0    11       S

Max >=  27,0 24
Max <=   0,0  0
Min <=   0,0  0
Min <= -18,0  0
Max Rain: 0,0 on day 0
Days of Rain: 0 (>= 0,2 mm)  0 (>= 2,0 mm)  0 (>= 20,0 mm)
Heat Base: 18,3  Cool Base: 18,3  Method: Integration