                   Monthly Climatological Summary for set. 2026

Name: Ranhados ( Norte )   City: Meda   State: Guarda
Elevation: 755 m  Lat: N 41° 00' 00"   Lon: W 007° 19' 48"

                  Temperature (°C), Rain (mm), Wind Speed (km/h)

                                      Heat  Cool        Avg
    Mean                              Deg   Deg         Wind                 Dom
Day Temp  High   Time   Low    Time   Days  Days  Rain  Speed High   Time    Dir
----------------------------------------------------------------------------------
01  20,2  28,8   17:25  14,1   03:25   1,2   3,1   0,0   4,4  18,0   18:57    NW
02  23,1  31,7   17:01  15,8   06:46   0,4   5,1   0,0   4,1  26,0   14:10   WNW
03  25,7  36,0   16:46  17,3   07:04   0,0   7,4   0,0   3,3  15,0   13:18    SW
04  28,1  33,7   11:47  22,0   07:46   0,0   9,8   0,0   3,7  20,0   13:47     W
05  26,7  31,8   14:14  21,5   07:10   0,0   8,4   0,0   6,7  46,0   15:25    SE
06  25,1  33,2   15:44  17,9   06:43   0,0   6,7   0,0   3,7  22,0   17:05   WSW
07  23,3  33,2   15:52  14,1   07:16   0,5   5,5   0,0   4,0  22,0   16:54   WSW
08  20,1  27,3   13:33  14,1   04:39   0,7   2,5   3,0   3,7  26,0   15:58     W
09  17,9  22,3   16:26  14,6   08:14   1,3   0,9   0,3   5,4  26,0   13:48     N
10  17,3  25,4   17:33  10,2   07:08   2,5   1,5   0,0   3,6  17,0   04:39    NE
11  21,5  29,2   16:49  14,5   06:46   0,6   3,8   0,0   4,1  17,0   12:21   WNW
12  22,3  28,9   16:34  15,8   07:09   0,3   4,3   0,0   3,8  18,0   13:49    NE
13  23,6  32,0   16:56  16,6   05:31   0,1   5,4   0,0   3,7  17,0   11:01   NNW
14  25,2  33,3   15:55  17,9   06:54   0,0   6,4   0,0   3,6  20,0   17:35   WSW
15  24,0  31,2   14:58  17,9   05:20   0,0   5,7   0,0   5,2  26,0   14:06     W
16  18,9  24,6   16:05  13,6   07:17   1,2   1,8   0,0   8,9  42,0   23:35     N
17  16,3  22,2   16:50  10,2   07:04   2,8   0,8   0,0   6,7  29,0   00:01    NE
18  17,9  24,3   16:22  11,3   06:58   2,1   1,7   0,0   4,8  26,0   11:55    NE
19  20,4  28,3   16:34  13,3   07:17   1,0   3,1   0,0   4,1  20,0   04:43   ENE
20  23,2  29,5   17:02  17,2   07:20   0,0   5,0   0,0   4,2  24,0   14:06     E
21  23,8  30,5   17:59  16,2   07:23   0,1   5,5   0,0   3,6  17,0   13:39    NW
22  24,6  32,6   17:19  18,2   06:52   0,0   6,3   0,0   4,9  20,1   08:21     N
23  24,7  32,8   17:28  16,9   06:55   0,0   6,4   0,0   4,2  16,6   13:17     W
----------------------------------------------------------------------------------
    22,3  36,0     3    10,2    10    14,8 107,2   3,3   4,5  46,0     5     NNW

Max >=  27,0 18
Max <=   0,0  0
Min <=   0,0  0
Min <= -18,0  0
Max Rain: 3,0 on day 8
Days of Rain: 2 (>= 0,2 mm)  1 (>= 2,0 mm)  0 (>= 20,0 mm)
Heat Base: 18,3  Cool Base: 18,3  Method: Integration