                   Monthly Climatological Summary for ago. 2026

Name: Ranhados ( Norte )   City: Meda   State: Guarda
Elevation: 755 m  Lat: N 41° 00' 00"   Lon: W 007° 19' 48"

                  Temperature (°C), Rain (mm), Wind Speed (km/h)

                                      Heat  Cool        Avg
    Mean                              Deg   Deg         Wind                 Dom
Day Temp  High   Time   Low    Time   Days  Days  Rain  Speed High   Time    Dir
----------------------------------------------------------------------------------
01  24,0  34,1   15:49  15,5   05:18   0,3   6,0   0,0   3,5  24,0   18:03   WSW
02  23,0  31,1   15:02  17,4   07:02   0,0   4,7   0,0   4,1  26,0   16:28   WSW
03  20,9  28,8   14:34  16,3   05:21   0,5   3,1   0,0   3,5  24,0   12:27   SSW
04  20,1  26,4   14:45  15,0   06:28   0,8   2,5   0,0   3,1  26,0   19:25     W
05  22,0  30,4   17:38  14,8   06:28   0,6   4,4   0,0   4,5  24,0   16:18     W
06  23,2  32,5   16:13  14,2   06:36   0,6   5,4   0,0   4,7  28,0   19:18     W
07  24,2  32,8   16:12  15,6   04:58   0,2   6,0   0,0   4,6  31,0   17:14     W
08  24,2  32,5   14:19  17,9   06:07   0,0   5,9   0,0   3,7  26,0   15:00   SSW
09  21,3  29,4   15:45  13,9   06:31   0,7   3,8   0,0   4,9  26,0   16:46     W
10  22,7  31,8   16:31  14,9   05:07   0,6   5,0   0,0   4,9  22,0   15:47   WNW
11  24,7  33,9   16:38  16,3   06:39   0,2   6,6   0,0   3,9  20,0   15:08    SW
12  26,2  35,3   17:20  17,9   06:04   0,0   7,9   0,0   4,0  28,0   13:33     S
13  27,0  36,3   16:00  18,4   06:46   0,0   8,7   0,0   4,0  18,0   14:35   SSW
14  25,7  36,0   15:53  17,5   07:10   0,0   7,4   0,0   4,1  20,0   13:51    SW
15  24,3  33,3   16:36  16,7   05:56   0,2   6,1   0,0   5,3  40,0   21:14   ESE
16  25,6  32,8   19:00  19,2   06:49   0,0   7,3   0,0   4,1  24,0   13:14   ENE
17  28,1  35,1   14:34  21,1   05:27   0,0   9,8   0,0   4,0  20,0   14:17   ENE
18  28,5  36,9   15:51  22,4   06:34   0,0  10,2   0,0   3,9  20,0   19:13     S
19  25,6  32,5   14:04  18,9   23:57   0,0   7,3   0,0   3,2  25,6   17:27   SSW
20  20,9  26,8   14:36  16,9   06:54   0,1   2,7   0,0   3,6  23,8   13:18    SW
21  19,2  26,6   17:08  13,0   06:37   1,5   2,4   0,0   5,5  21,9   01:10   WNW
22  20,8  29,8   15:40  13,5   03:33   1,2   3,7   0,0   4,5  34,9   12:11   SSE
23  20,8  26,9   14:28  14,8   03:50   0,8   3,2   5,1   7,0  33,0   10:22   SSE
24  16,5  19,3   14:55  14,8   04:30   1,8   0,0  12,1  10,0  51,0   14:30     S
25  17,9  23,4   16:12  15,0   03:44   1,2   0,9   1,3   2,6  22,0   15:07    SW
26  15,2  18,1   16:05  13,0   11:00   3,1   0,0  18,8   2,4  34,9   15:04   SSW
27  13,4  16,8   12:54  11,4   23:51   4,9   0,0   6,4   5,6  38,5   12:23    SW
28  15,1  20,8   18:14  11,0   04:32   3,3   0,1   0,0   2,9  18,3   03:00    SW
29  18,2  27,3   16:16  11,4   07:07   2,1   2,0   0,0   2,9  21,9   18:41    NW
30  19,2  25,0   14:50  15,1   23:41   1,0   1,9   0,0   3,8  29,5   16:24    NW
----------------------------------------------------------------------------------
    21,9  36,9    18    11,0    28    25,7 134,9  43,7   4,3  51,0    24      SW

Max >=  27,0 20
Max <=   0,0  0
Min <=   0,0  0
Min <= -18,0  0
Max Rain: 18,8 on day 26
Days of Rain: 5 (>= 0,2 mm)  4 (>= 2,0 mm)  0 (>= 20,0 mm)
Heat Base: 18,3  Cool Base: 18,3  Method: Integration